n_harmonics,base_freq,magnitudes_0,phases_0,instruments_0
1,1.993266992523906,0.1434540147798886,2.5174360795126556,sin
x,y
-4.988845662912283,-0.13051335145857998
-4.98637696953879,-0.1301688383974836
-4.980047490511157,-0.12834011915631108
-4.95377527849422,-0.1250677393438802
-4.94941431051238,-0.12838995600513564
-4.943595807200295,-0.12452878325485672
-4.936447123953485,-0.12568032902423543
-4.932665895096812,-0.12539055675187616
-4.920410059969507,-0.12182082769319032
-4.903885226592694,-0.11745829170646357
-4.902408409233249,-0.11626348843553405
-4.8980990449964175,-0.117151172755211
-4.897623236389821,-0.11659315031255861
-4.89513504948023,-0.1173982110799632
-4.866676549848698,-0.11226059940375442
-4.86238311084004,-0.11521775945324295
-4.851165665165315,-0.11168753178039628
-4.839819074961708,-0.10893007341679856
-4.835958956637384,-0.10717612551827943
-4.828010862186016,-0.1036622619682841
-4.800752158491173,-0.10093802234581789
-4.799168749486747,-0.09835876549283268
-4.792568556871162,-0.09714028430209433
-4.788305457653081,-0.09707210596210436
-4.756692944917122,-0.08930796274897289
-4.751211394886383,-0.08951597694751522
-4.73168405101426,-0.0851755998281333
-4.727366231820339,-0.08186674269566713
-4.718807829505644,-0.08163512283925971
-4.705752723321038,-0.07946797679741296
-4.696183510225177,-0.0780919653713845
-4.690463118773016,-0.07524475884754799
-4.6817947542192755,-0.07259581839217548
-4.674992477437412,-0.07137397318217549
-4.67061733046304,-0.06983176521469282
-4.667424914305278,-0.06994506168139872
-4.66423547139697,-0.06894538371936633
-4.66351064723701,-0.06529758821907303
-4.661242888633281,-0.0674864008846737
-4.654998942573546,-0.06559457041187522
-4.654617460520477,-0.06680145073668639
-4.6505638105151,-0.06365720642149413
-4.649219163288304,-0.06317931305336813
-4.647208308703038,-0.0638502245182401
-4.6365796207305765,-0.060619965464320295
-4.634534268841111,-0.0616153100619192
-4.632596563218806,-0.05857388353082443
-4.593078565142777,-0.0503813806323273
-4.583996181018715,-0.04845060838595718
-4.574724518844863,-0.04267995242142639
-4.56830873123491,-0.04152473700464544
-4.543560542085436,-0.034237283410032335
-4.537539053760714,-0.03112210942437395
-4.5038783893963865,-0.02816805795979132
-4.4873878694015135,-0.020955314646434933
-4.483587897546699,-0.02004840088943368
-4.454990782163405,-0.012187389868748209
-4.451471937209671,-0.01129385612700078
-4.448291081176356,-0.009158973146661661
-4.408248025354121,0.004589795673660605
-4.3817832999132875,0.00958706938462357
-4.340662786473516,0.020975729803807495
-4.33317059198017,0.022423959981731776
-4.315413120013208,0.02877788965288391
-4.287859676143164,0.04023317676924293
-4.274761444969203,0.040559625172633305
-4.251218176210015,0.044081258724461815
-4.250940820570363,0.047007969444647885
-4.249264569674143,0.04757666217337497
-4.228937147727267,0.04995614583944338
-4.225021514792523,0.05441202794601143
-4.2138871351104426,0.05865117067636666
-4.208279267442538,0.05775158419556934
-4.203864144745345,0.061947725240671096
-4.186612623608944,0.06335599121438103
-4.186493594851187,0.0649281013392821
-4.174786399764539,0.06550006430013033
-4.143605726329087,0.07451102251865273
-4.111565305093359,0.08243415114851399
-4.100486892547654,0.08493873188858449
-4.084415385418428,0.08642824071897737
-4.084205624613864,0.08715724715051285
-4.080580200958128,0.0903001871628696
-4.066994294634756,0.09357964247124126
-4.061002763381893,0.09452006553765739
-4.0604279247645705,0.09478260887333022
-4.0587125437880545,0.0963921719776643
-4.05368185786725,0.0963086599057247
-4.050917167134148,0.09462691812793012
-4.0438795898560995,0.096670270654672
-4.036137561946625,0.0984163944634982
-4.024446789040129,0.10072631693553655
-4.023946215511687,0.09967902911918937
-4.013038219973195,0.10388248641362273
-3.983099072013081,0.10728016947106944
-3.947820933321322,0.11673011553617763
-3.9282387702038193,0.11770121106916681
-3.9240926373998786,0.11565303190965563
-3.908304020130371,0.12217642897889483
-3.9057650194684426,0.12005444539902907
-3.889173115304214,0.1235517527249584
-3.885968980862441,0.12334476516400975
-3.8765904912360796,0.12750889077049143
-3.8759664731879773,0.12478337924360351
-3.868695278758559,0.12750579736626905
-3.8562645048894684,0.12732256860303998
-3.8552863566102924,0.13066837110334764
-3.852730484231164,0.12910516769860056
-3.8280574622607952,0.1334685272212123
-3.8209108278772375,0.13271153681720296
-3.817250138109652,0.13467364890068056
-3.787886099933627,0.13372652211571956
-3.7851291552004698,0.13825883762351976
-3.7716458310955945,0.13758551273687464
-3.7531685844871667,0.13980764003769958
-3.7336331381472254,0.1420327267774323
-3.732142134884522,0.14113685685370334
-3.7038496932526774,0.14166654589085165
-3.7031480182925347,0.14093903863996435
-3.702377369431095,0.14074977119916735
-3.7013412694165737,0.13971702632366795
-3.686000127668676,0.14329008768531584
-3.6850324601778106,0.1428880804231217
-3.661451798373083,0.14169606631779078
-3.6601211893294003,0.14170139112230043
-3.6547542945523794,0.14160613929948632
-3.6448209667457365,0.14323315714356735
-3.6248329187268578,0.14571475660288033
-3.6241376691510983,0.1416420823039176
-3.600694284889693,0.14332419655762085
-3.5841798380538537,0.13961067800563803
-3.582794147402435,0.14157730507681962
-3.58277952325611,0.1434837438227433
-3.569672223851242,0.1439777652051992
-3.52189102249554,0.14037310827482347
-3.5184283060271526,0.14001359927953383
-3.5015056489952467,0.13889528748412158
-3.495198331860564,0.13962167696150077
-3.4888924665082524,0.13813900598957615
-3.4696014181940207,0.1349081807857334
-3.4362260044504667,0.13308841943699573
-3.4320785362960238,0.13287229873013315
-3.4279113248331425,0.1324762686346637
-3.4191249253580303,0.13013060303502944
-3.4179346066242022,0.13118319808363205
-3.395712075425755,0.12879078008257253
-3.3895616944027807,0.13016060726184892
-3.387825827134634,0.13026791403127766
-3.3679920452323584,0.12743959802319701
-3.3600435362678827,0.12374951198178953
-3.3564073854274423,0.12000804038574192
-3.352393042123829,0.12318716926403292
-3.3388517876067905,0.12057143260912817
-3.311598588259029,0.11654351471788148
-3.303100349176166,0.11207727974325928
-3.300870026284074,0.11314215388408705
-3.2986766459869967,0.11487410264977028
-3.258817249689269,0.1067292519085139
-3.2556923416861716,0.10481475449159552
-3.254414072003323,0.10663627853902888
-3.2407490015406637,0.10454415325744437
-3.229714473317334,0.10176765162211555
-3.227614783302548,0.09874915774085902
-3.223225819081068,0.10222789434704142
-3.222380750974978,0.09898594262137746
-3.220742731686279,0.10040601365807568
-3.212121229351552,0.0973002699623442
-3.2100475172376797,0.09638033693118195
-3.1991233486923654,0.09538034570757664
-3.192198200448366,0.0927522853308685
-3.1799139039221993,0.08865694373321063
-3.1782784358545566,0.08831314730804264
-3.1679263570400273,0.09031311169972245
-3.1500328181084547,0.08211021894063045
-3.1319916329918707,0.07952464283721984
-3.109399784170477,0.07312303691179843
-3.0874939921313835,0.06699340775257358
-3.0769159464767695,0.06698839455220135
-3.0565339018568505,0.061691590752271576
-3.032145791426173,0.05332791337511169
-3.02795454973666,0.05234428736609721
-3.022152574081459,0.05190482123376528
-3.017897214351387,0.049872264077947245
-3.015563242470949,0.052198513047662536
-3.0102429447213463,0.047739127834115665
-3.005852232481793,0.04564907192920411
-3.0016462977972527,0.04587558441710141
-2.9958478117906218,0.04528491741881402
-2.986015342551598,0.044199693159384
-2.9683263298518736,0.035746692346699596
-2.9627681303227704,0.032571746098573294
-2.952785088375234,0.031111073092779554
-2.9418956119607023,0.029374436013113837
-2.9343084344558212,0.029055480780381365
-2.917639429000567,0.020400625134153014
-2.91482528290955,0.01935122213794613
-2.9040154614906086,0.017384842307827823
-2.897159217497408,0.018619991932631797
-2.8946532260530535,0.01714554301433285
-2.8721605976782993,0.010039759236938815
-2.860427037870922,0.004777080936884824
-2.8572535591751835,0.0051797180601142806
-2.854871869024216,0.0048034348563918035
-2.854196339302608,0.0036092270621041526
-2.8446360073224994,0.00015428917979169862
-2.8321661847672996,-0.002596605740840096
-2.832144815171148,-0.0021758189630174197
-2.829654313850157,-0.001854570689988168
-2.805070381892072,-0.012067085556397824
-2.790462155753043,-0.014426131862067426
-2.762035806084712,-0.023597409936383186
-2.744186568164112,-0.03059441443839706
-2.7424557676511196,-0.027797968409357717
-2.7291664734613494,-0.03173881095797215
-2.72844683760997,-0.0319553524004737
-2.7222864250237433,-0.030189683598485947
-2.7148128511584293,-0.033689708469044205
-2.6967017400348015,-0.038518377032557026
-2.689712791142834,-0.041243815785807145
-2.6890842324921604,-0.04202329348358444
-2.6871669003658383,-0.04385784734639459
-2.6812969649796328,-0.043913290954278934
-2.6779144537380617,-0.0451607068745961
-2.6738295965066605,-0.04692465400823463
-2.6685352281549504,-0.046487047560141534
-2.66603483450084,-0.045848996074655
-2.6573262698034217,-0.05134755497810762
-2.6489840079856153,-0.05333227771824895
-2.647045882763004,-0.05450568868864092
-2.6439059763619976,-0.05370998598503916
-2.6417948972829866,-0.05531901337922176
-2.6354143270789443,-0.05490122775916949
-2.6284052256457313,-0.05888375192836565
-2.613639756432704,-0.06466819030910048
-2.6131227446514793,-0.06376159950554292
-2.612059685373642,-0.06559513503700863
-2.6101985029740247,-0.06233999801354604
-2.5846478114393037,-0.07065278464176374
-2.578737977418628,-0.07278661483041617
-2.566237091711856,-0.07174125417694478
-2.562116396766948,-0.07325404536267843
-2.549981344159813,-0.07896540465324323
-2.5444910730589463,-0.07721066060846388
-2.527648085297143,-0.08149313274390933
-2.519275890109811,-0.08457832707784384
-2.510846815816458,-0.08682134524664967
-2.490191511279096,-0.09173776155131541
-2.4865488034353502,-0.09450224661696402
-2.4721598617446725,-0.09439112915248543
-2.466333904515996,-0.09846727830341398
-2.4596782653419194,-0.09898104780529679
-2.4465285327989528,-0.10107261052203971
-2.4054817060221634,-0.11092216607360754
-2.403546418593984,-0.10969620636260724
-2.393385355267762,-0.11007792176997655
-2.3816278508441915,-0.11423704529069229
-2.366067767048828,-0.11730450017153499
-2.3421033197667427,-0.11829567582405585
-2.3378190305668145,-0.12058958765694747
-2.333124478329782,-0.12042922602030826
-2.331851402121974,-0.12179342458943111
-2.310699358421089,-0.12420434585064552
-2.3077101172002523,-0.12560855227781328
-2.304771384580868,-0.12404270232169887
-2.3036587633674364,-0.12620283719523076
-2.2856647093822478,-0.12928355301580255
-2.282469108614454,-0.1282821328068414
-2.2807784753027747,-0.12944323344240669
-2.270962715065852,-0.128074849597337
-2.264431512588901,-0.12931189371396035
-2.259376069421797,-0.12804842412675596
-2.2414103608849976,-0.13250660908923534
-2.234698253623476,-0.13073842429102175
-2.2268173383456213,-0.1342831948294269
-2.220589770128434,-0.1337272690122703
-2.2191193153136988,-0.1364835667704915
-2.217963321446547,-0.1384628668898388
-2.2101934437709936,-0.137391804505361
-2.205877559350057,-0.13497975445343463
-2.182397901707256,-0.13911302910426307
-2.180247257653493,-0.1375183959787793
-2.1540858658735895,-0.14090620777727256
-2.12359542122859,-0.1394670091531642
-2.102532245328197,-0.14138285994806576
-2.076806920790455,-0.1427839677890232
-2.0696386911834685,-0.14520221008767717
-2.064814180179584,-0.1445874230078747
-2.051675706252226,-0.14245758853167173
-2.049505228313885,-0.14281643854225265
-2.0473442641713957,-0.1444492785954265
-2.0361030704732306,-0.14426955047159506
-2.0278843349077103,-0.14238466789731793
-2.023742482920893,-0.1428615611600617
-2.0057912160847824,-0.1428144117672532
-1.9931932423518295,-0.14238319779207353
-1.9617622475737528,-0.14074253845471643
-1.946128648481975,-0.1399809743523112
-1.9453142292382477,-0.1398150164770086
-1.9386075443057837,-0.13919497841208917
-1.9329154867236298,-0.1404903697206988
-1.9324032894106677,-0.13858165060703195
-1.9223556020251307,-0.1406552935300837
-1.9149933703255506,-0.13764803832899228
-1.9100964634377995,-0.13698695672250094
-1.9028180275948339,-0.13551522683146894
-1.8840358241151298,-0.13388815800075443
-1.878702193537829,-0.13342526997001097
-1.8660717039168464,-0.13296509415984925
-1.8616159974222866,-0.1341405706073233
-1.8604730917948862,-0.13457263758480695
-1.842017610175637,-0.13032213646376895
-1.8352668280393756,-0.12923427396627835
-1.8205950526365577,-0.12987848983140632
-1.8079423472390332,-0.12761567996610002
-1.8031647792957672,-0.12587885930361165
-1.7869375606982452,-0.12472546981224858
-1.770738080873203,-0.12037959480050146
-1.7572322397623683,-0.11901031894736497
-1.7412174395749078,-0.11869476944268365
-1.7322353544686986,-0.11563780130731112
-1.7317696214526968,-0.1182926026851811
-1.7225867472020786,-0.11600346769929498
-1.705881584315173,-0.11041851854381148
-1.6876350305138512,-0.10533624075889532
-1.682186655540765,-0.10686448546834336
-1.681871430475054,-0.10688571772874715
-1.6809445910670204,-0.10471591056964527
-1.6688625472696081,-0.10316417182126342
-1.6669677580544362,-0.10487297896755608
-1.6646393298088502,-0.10184297668524868
-1.6492757819622437,-0.10106555507344389
-1.6308977052137994,-0.09536107750287325
-1.6152315622401603,-0.09278892925479072
-1.6143780406576291,-0.09566789668363097
-1.6124160972300117,-0.09361266101635259
-1.604707401993747,-0.092069195137043
-1.588469482138244,-0.0869165008042947
-1.572347872924623,-0.08210280279102623
-1.5691872667924036,-0.08315975561750125
-1.5652532718915655,-0.08182403877036618
-1.5645342361004335,-0.08072611567355284
-1.548895253368785,-0.07760262572170358
-1.547278151647463,-0.07629022631315849
-1.5464566167096319,-0.07568829786909057
-1.5459293461741783,-0.0776347668218064
-1.5352096256830472,-0.07414461193775986
-1.532532122133785,-0.07517616506166534
-1.5300454140745612,-0.07256398216781276
-1.5224520140705335,-0.07059263096242953
-1.5016538492866127,-0.06584592763491491
-1.5004934902347955,-0.06594231473188047
-1.499562146465495,-0.06322329987005249
-1.4854612976569745,-0.06163472816909349
-1.4758683309006981,-0.05690321059383308
-1.464553774251617,-0.05728767470151402
-1.4565890155986558,-0.05320328986827424
-1.4516552796142346,-0.05338210114812531
-1.4059112374340965,-0.041183323343035226
-1.3971292215528939,-0.037057005919731816
-1.391867454197544,-0.03624227637950059
-1.3675635775673598,-0.027826314705206915
-1.3230892128859049,-0.01703402718636292
-1.301841559017125,-0.01281542060712642
-1.2946082335743805,-0.009264898131241862
-1.2945235591606274,-0.007937995803995289
-1.2930623018940421,-0.007512884148330075
-1.2852456189556283,-0.007408768958399456
-1.283069993521977,-0.006805736625903988
-1.2544038304617744,0.00214170553546681
-1.2512620901266214,0.0033952845626007183
-1.210933756633187,0.01552586791988308
-1.1985865137468057,0.01921492978629944
-1.1898856914171372,0.02102678818048559
-1.1849975732108198,0.018900118845403435
-1.1829317981004683,0.023489385717991206
-1.1700609373991266,0.02600842205806023
-1.1657613800417121,0.02493730922392598
-1.1642662695726247,0.026807411140551515
-1.1599263248619174,0.030788472805610995
-1.124208179937769,0.039842535863527984
-1.1225704537707912,0.04093628580073086
-1.120231949475098,0.042312778806628544
-1.1116539904555802,0.04251317179034304
-1.1114320054928717,0.044534581379969816
-1.1113684812965143,0.04280144242133636
-1.1084402903705026,0.04402740210876078
-1.104364559015869,0.04166525273955149
-1.1040636671108208,0.044158030607633084
-1.0952198519317569,0.04471690164858853
-1.084331506507735,0.05085153262266518
-1.0738124864491083,0.052209522697515165
-1.0493932578958844,0.05978352350944615
-1.0213284898202435,0.06691422524636607
-1.0197214379973918,0.06721251771821839
-1.0170991120925166,0.06944187201708008
-0.9994096050113823,0.07113405621726783
-0.9767702476145281,0.07729928415821942
-0.9549445905787959,0.08370971872091829
-0.94252177002247,0.08778803320056107
-0.9249886075311604,0.08909655656625029
-0.9176076819810124,0.0925629174906469
-0.9138960276474606,0.09331731714139137
-0.9063594217321924,0.09589008160211235
-0.9005711260749152,0.09658302015629674
-0.8990498300539516,0.09477301800326518
-0.898545144489777,0.09237449711182061
-0.8934952104683109,0.09837093466035267
-0.8810348377272774,0.09765685305354314
-0.8706811254231175,0.1015470838612462
-0.8661898132188632,0.10132297553910971
-0.8641253610881332,0.10308434289703916
-0.8580781427571251,0.10307638927514651
-0.8515447168011026,0.1044486496938534
-0.8210186128800459,0.11081447982280575
-0.8139796971676807,0.1106493196618512
-0.8057427312683689,0.11370487942891652
-0.797358178702078,0.1157993577284993
-0.7936801732415635,0.11376795833866427
-0.7910918900502528,0.11829951661390915
-0.7893171214545198,0.11673497482404384
-0.7612171067940956,0.1201406535817632
-0.753987511848405,0.12144011502235755
-0.7416676049790318,0.12492668801435873
-0.7390591367976853,0.12390031773107517
-0.7388220017094405,0.12522951336453372
-0.7327807486975431,0.12415904494899667
-0.719352293619556,0.12827093017366628
-0.717447246799213,0.12551292108382897
-0.7136261175573146,0.12622505031728276
-0.7112683287070753,0.1274295204351278
-0.6611899461223647,0.13298614060723107
-0.6538935671414094,0.13627523363197708
-0.6264390038645695,0.13566353266084236
-0.6210911347283634,0.13830164890150168
-0.6161896987585527,0.1371811279471041
-0.5860118746325469,0.14067847429470062
-0.5851216809397268,0.138375099627187
-0.5782350302880612,0.1403842950212741
-0.5778595786287024,0.13898694441413464
-0.5729595306868465,0.14231252436397723
-0.5691886294895525,0.14041036793998019
-0.5404034358726237,0.14386435104591344
-0.5390509461473982,0.14164057944049682
-0.4905966544572147,0.1440542717395528
-0.43187404807361673,0.14210046351881156
-0.4078152471530858,0.14236377890491256
-0.3879211946145258,0.14321287630312027
-0.36066336201502214,0.13855134399786026
-0.3545053765027797,0.13969978179054035
-0.35368973980635054,0.14183140120777418
-0.3481056184641087,0.13785213880488084
-0.3301678151766074,0.13811150233011804
-0.3272030372665391,0.1379345648149321
-0.32693362800907266,0.13669116143335353
-0.31208034451772804,0.1357783919075625
-0.3060979548213094,0.13473987415342278
-0.27996264271328375,0.1352302608852845
-0.25714000824481253,0.12949396314543946
-0.23218364826391458,0.1273919634535031
-0.2224625538279401,0.12592763886401007
-0.21830701515200968,0.12737172517781517
-0.21573399660087667,0.1255637210708799
-0.21033843173266842,0.12743718004132526
-0.20814973627748756,0.12473286573158657
-0.2070880271546729,0.12397816595562224
-0.2026890203949252,0.12211076556862867
-0.19353590442195756,0.12066542232559678
-0.18768385212291605,0.11878215349296095
-0.16246102008086272,0.11643294216329839
-0.15470378058359557,0.11515813007865427
-0.14664262988018173,0.11297605599247938
-0.12034132099395478,0.10979370502273209
-0.11529250457950369,0.10667122311715964
-0.1049719605945354,0.10622382978419768
-0.07125878177339562,0.09853484243246753
-0.06052405686679396,0.09576800297774456
-0.04413040742576868,0.08994478053629754
-0.03956472044728265,0.09379738395767187
-0.03484711270848173,0.0896469449209733
-0.006754062170788444,0.08414775769707539
0.012181026757037472,0.08182585040182938
0.02987431164859089,0.07569967378253083
0.030486350105087823,0.07559793235696602
0.04139994559609583,0.0731671026707102
0.05776751378705747,0.06833068824163477
0.061197839114749186,0.06735144114992825
0.06510428890770115,0.07004676576378552
0.06607625011622265,0.06860835377509478
0.07009949677013427,0.0679043009982261
0.07404643640232411,0.06731897470898295
0.07644195519012964,0.06495526960087908
0.09258009902970787,0.058300178726533536
0.11408460697089584,0.05533105552843927
0.1250462301013915,0.05509185185658528
0.12941921847639115,0.054709339382565135
0.14648296017861284,0.04571402185199758
0.14945478906446752,0.04823497190777993
0.16418222891163214,0.04281095089775864
0.1717203316349183,0.03850698515304652
0.1872788603390152,0.033456764460676226
0.19988265500402225,0.03229276853372118
0.20238185979248513,0.02966894255140346
0.20243586574464878,0.03010954991382303
0.21249124410308706,0.025787386334833275
0.22174219149092878,0.02705270576011989
0.2234725408131597,0.02419248045355281
0.22700967571448238,0.02410620422005678
0.2506837773511972,0.018042380331827677
0.27517998693644685,0.010405385364677291
0.2777691593366214,0.010163695089946523
0.3002415591766727,0.004235827521259596
0.31137620085735396,0.0018631028201511652
0.3403781507978749,-0.006459697680188603
0.3443597270968919,-0.009586919543238518
0.34692566633066857,-0.0069508088427411244
0.35550599241643166,-0.01289894396662209
0.35790952107026985,-0.011415256153873288
0.3800432907074045,-0.018835493392484456
0.3950439360921765,-0.023540841607421096
0.41039093606913024,-0.026483748320151677
0.41631500320576187,-0.02962190070595012
0.41924955215848136,-0.030821859392659575
0.4266019367653273,-0.03312261334978239
0.4324118949725513,-0.03285610093022814
0.4519222336398965,-0.039724653599807855
0.4630552015079328,-0.03990654954605696
0.4893163164138965,-0.0500438212506306
0.5257840355540981,-0.05833779294096658
0.5313023734387983,-0.06098381339931461
0.5329053203803049,-0.06237611511287776
0.5342139844497638,-0.06232435400356273
0.5395933125853647,-0.06385887410871202
0.5489170714560201,-0.0642756891119064
0.5523220824814938,-0.06784348942926939
0.5636250924474613,-0.06638679289174931
0.5646562531955563,-0.0686093944604173
0.5788479636570241,-0.07156759652167857
0.582539051522212,-0.07515037974421167
0.5850299849030458,-0.07362501200237821
0.590523083637323,-0.0741945592202559
0.6042492212755759,-0.0773953233191651
0.6334008909454472,-0.08624239871391054
0.6539970053547179,-0.08926715294985252
0.659069825379758,-0.09276407107262935
0.6612544229815249,-0.09181705023733769
0.6650139699033808,-0.0934550180729495
0.677697473636254,-0.09379204651114095
0.6923564846537626,-0.09958643944597578
0.6991134051933354,-0.09786151044369516
0.7011904936058286,-0.098627818920981
0.7045058643022886,-0.10149711251016777
0.7073974449118872,-0.100021353098541
0.7165916724585735,-0.10457137598593683
0.7265468106078901,-0.10370603257191405
0.7539767661533583,-0.11110443471139789
0.757054702333698,-0.1131332027306216
0.7610478055584666,-0.11314831519177772
0.7648421939604475,-0.11302738400427673
0.7691434279544298,-0.11559714211684194
0.7711112521831573,-0.11725961617291776
0.8016383347399438,-0.11926511940157196
0.8061287417613219,-0.11882607930376327
0.8091049759515236,-0.12121412034603722
0.8464734021808002,-0.12573638819328128
0.851984364178592,-0.12588704515898946
0.8749657590973312,-0.12923689652450657
0.892669926377275,-0.1327476919722521
0.8939716406728841,-0.13339209351416365
0.8979924437862872,-0.13045675868993437
0.8998655901228281,-0.13143568682570642
0.9123824139991976,-0.1342673205891381
0.915719636756803,-0.13392479808574437
0.91943416037868,-0.13634312118041564
0.9252732856582178,-0.1350791168533905
0.9327474992567044,-0.1362110423225211
0.940136129147878,-0.13731236544018563
0.9428860421911835,-0.13657700233585496
0.9514591685996701,-0.13746430091948114
0.9612758834223634,-0.13651386285186728
1.0025804247557435,-0.14342584668180167
1.0039571589958394,-0.13978435162564012
1.0047273502239698,-0.14353043508224367
1.0055885098468913,-0.14179260556029719
1.0111788437468272,-0.14237552408592105
1.0279168947010096,-0.14349865739580042
1.0303096569249384,-0.14247616405692035
1.0386362064045072,-0.1422940246693409
1.0613375886939682,-0.14113854814633928
1.0614619177574713,-0.14335273060301654
1.0638505636055084,-0.140021080668173
1.0852157000902611,-0.1420084853052345
1.0957952718564137,-0.14372390655763043
1.1033772817712073,-0.1419067153200932
1.1318094348419407,-0.14382084066848083
1.1430827654975593,-0.14222835224936747
1.143954915011908,-0.14240686596858276
1.1441759005529146,-0.1429355218452871
1.1690464863557528,-0.14318063754781024
1.1827514917485953,-0.14331387214251703
1.200455589762215,-0.14132860691655302
1.2013032844018667,-0.14063468179640412
1.202220025190699,-0.14367307510301772
1.2192243355649834,-0.13931067885791992
1.222812916223516,-0.13935312105071307
1.2250412666916999,-0.13623054104571652
1.2401389183226952,-0.13687920621632368
1.252757450050245,-0.1362391372461223
1.2556821729529313,-0.13892496511309071
1.2889099695235906,-0.13545814426816508
1.2906380962731756,-0.13294692604666264
1.2981820132936974,-0.1315547390230922
1.3007177636540321,-0.13246633695286464
1.3083446942129262,-0.13051518631018239
1.3381599170065108,-0.12887896533931786
1.3633221140120844,-0.12441636715423547
1.3707284372514374,-0.12018960473777338
1.3794363082264374,-0.1206435421740249
1.386390255793244,-0.11966782519417343
1.388873777987615,-0.12044040964247585
1.3959377470645222,-0.11992382726189656
1.417297221773409,-0.11569202361355775
1.4204499610285364,-0.11366736064566986
1.4222312696106334,-0.11606044048074556
1.442582152524996,-0.10923443133262108
1.448663877405484,-0.11448027893192658
1.4538195261961135,-0.11030978589514485
1.4626778863763965,-0.10948989989406333
1.463471449802598,-0.10740998304820196
1.467342436550135,-0.10732663921457938
1.4699747701974797,-0.10900838074559151
1.4727966757974817,-0.10645192883067049
1.4767416554488246,-0.10915109555605178
1.4788003923654403,-0.10907115803589457
1.4982407826809556,-0.09956483502969624
1.530414006717348,-0.09293736253265135
1.5486564785975485,-0.0892540453484056
1.573642781091129,-0.08531873575640604
1.5737486537135457,-0.08401873011053246
1.5739521149754996,-0.08475952754412171
1.57621068236348,-0.08401189960913924
1.5878941588423228,-0.08276298535889973
1.5883995532963047,-0.08069763906111901
1.5914625248824468,-0.07755097845422237
1.5961340365444068,-0.07681027334637112
1.5991042360772738,-0.07577018001000804
1.6068628824629059,-0.07442528324094855
1.6072975230338304,-0.07768888594357487
1.6110638755567122,-0.07548924255803201
1.6115099241569473,-0.07538326212351998
1.6275711885269022,-0.07188824123670723
1.63245741364599,-0.0718791094604214
1.6351584736917681,-0.07080553365838467
1.6392307153143495,-0.06625566539293531
1.6520761494020988,-0.0649123431414357
1.6601700273419562,-0.06326451168051948
1.6604161088796783,-0.06347318207679688
1.6662696128230046,-0.062045312110992686
1.6678909307458776,-0.059613450942207755
1.6742655522838978,-0.05795956407060887
1.6811261046437949,-0.05757664826316632
1.7016996671909146,-0.051369103831774024
1.709571822703956,-0.049192399561377505
1.7158030808347444,-0.04935954774330237
1.7481165080911598,-0.041608443217044905
1.7574934442767791,-0.037255766850569014
1.7576381171527835,-0.03958961425322112
1.781431361618754,-0.030278867747978826
1.7824873364432134,-0.030510670072354088
1.806109459857467,-0.025064741503760823
1.8159488016839065,-0.018270227131261817
1.8212716725468256,-0.01866397776316256
1.830574192677794,-0.016868040319260563
1.834244275214246,-0.01379101619319272
1.8391529659609045,-0.01367226738909479
1.8455987520036992,-0.011376181257876079
1.8479321289949633,-0.014758245748029825
1.8504232347073035,-0.010491679989685315
1.8507933495386837,-0.010857023847223432
1.8532526384225374,-0.008470155644571584
1.8538404267485662,-0.010425345886927895
1.8611427763883963,-0.008580449039523349
1.8694851661047487,-0.005958279258365092
1.8876064789707891,0.001046333373451792
1.8897999994502204,-0.0006674206143997483
1.8936172000802962,-0.0009741214712356326
1.9021861328770502,0.0048679212308851945
1.9028588719214117,0.001096040721437958
1.9079382782325052,0.004359795645644558
1.9318768729580702,0.011531900614760565
1.933412944545302,0.013428947070595457
1.9448330047765259,0.014532065487328535
1.9480970995955262,0.013215991977335107
1.9593445040123179,0.020563561222068392
1.9610941538827609,0.021517162994794118
1.9618270830595552,0.02043007637214185
1.9669197939764373,0.024132731137492664
1.9708951292443206,0.02531851339199687
1.97270349537248,0.02422442540175534
1.9791685097828626,0.022437336583008546
1.9826393401987286,0.024790739979850877
1.9926660077258127,0.029075384372971847
1.992903895922523,0.03170418843127718
2.0145326816818097,0.03499829585695777
2.054869413606413,0.04893311740583717
2.0670403811356497,0.0506782268420215
2.068630336370333,0.05196454828324942
2.070971201038713,0.05120506033250793
2.0791647263427215,0.05512684447118918
2.1081485834081235,0.06283172679039142
2.119160337620979,0.06599194414982072
2.121712583949239,0.06315594480986791
2.1378228271848796,0.06663028649605739
2.151321020821052,0.07284706013782749
2.163950590647606,0.07466001589256686
2.168256910506172,0.07446498554450103
2.1744313695418835,0.07832878623961273
2.1936356998534388,0.07989831804864027
2.200158936696681,0.08307251314365738
2.2010928437925648,0.08313448034837188
2.2019863251192895,0.08725767348805008
2.202362612630453,0.08162279470358808
2.2200755262872063,0.0869791085869101
2.23890275212395,0.09147265973246152
2.245597405459976,0.09279773539601599
2.247623401840393,0.0948287615944262
2.2511769461322455,0.09304331567333281
2.2694950333532127,0.09716991529594524
2.2699556546150212,0.09831587006016763
2.278015463790056,0.10190817113066786
2.2830687013522164,0.10244891858517528
2.2922944022495937,0.1025904345487062
2.299997719415324,0.10662279958058407
2.300022602562251,0.10493063599975849
2.3103748613527966,0.10785004933649302
2.3136039682004057,0.10909147813715414
2.3409489811402846,0.11162682883902499
2.3417444471358166,0.11281658836006521
2.3488927106978448,0.11369354041498372
2.3491333025849803,0.11211635138444259
2.3499113187427607,0.11416111300044761
2.366481233154455,0.1166141581592879
2.3714888207095477,0.11684360257883598
2.39660062307387,0.12435422675896178
2.3974008927116213,0.12168367380978988
2.3990484142058897,0.11987290857434324
2.4042825490674993,0.12210665421185052
2.4125079441658546,0.1257168273813269
2.414017242132756,0.12392501657466988
2.425984291178734,0.12615498979450757
2.428293202033208,0.12591292673275264
2.429806451720527,0.12334100280855928
2.4349901012961848,0.12772634372974648
2.4445522496079084,0.12782199367372069
2.4686875615745043,0.12947118143657763
2.494469992998324,0.134024342629395
2.5152858619421306,0.13417693306341685
2.5297206501159843,0.13688374561599714
2.53088163251682,0.13825287051835122
2.531369277292618,0.1354115700036534
2.5344211712675317,0.13887218498707776
2.553433124274049,0.13770640983540905
2.555629480038214,0.13575850206601828
2.5865439714894016,0.1416531915767421
2.5906812328125834,0.14177968738505792
2.596612915441857,0.1396126617109052
2.602530030996114,0.14214951653420327
2.616955666369832,0.1426642802099129
2.6290044306335183,0.14417565317742698
2.6523696920272286,0.14445805306794293
2.6545951631191214,0.14362975562742925
2.6608645650520026,0.14542811135338238
2.6656969560148758,0.14401322792140978
2.6790357257484967,0.1414532850371123
2.696178477213241,0.14319323134497877
2.737812881777989,0.14290633054130938
2.7394370587208137,0.13952050838570026
2.7532768408622843,0.14394289867703486
2.772605159066832,0.14039561038001422
2.7822105198797233,0.1414745736036715
2.807620545768774,0.13966494708034102
2.8213027816223555,0.13642852644418157
2.82961926049592,0.13977353623252556
2.8425573039153935,0.13279233040023922
2.8430608394486745,0.13549935569439797
2.8493372762595595,0.13655803206838585
2.8515501843598647,0.13664923804656992
2.867725462548851,0.13237859856060427
2.8718559205029015,0.1314230965132618
2.8734261296057024,0.13156612682548247
2.8782959020171077,0.12895069318570426
2.891982624295462,0.13174321183759036
2.902605713040587,0.12745743319197247
2.90682417248539,0.1276175206250649
2.914642834537351,0.12615051755131818
2.91894553358481,0.12783485119805849
2.922964522032794,0.12661461173443533
2.9261666224896317,0.12724125633712413
2.9299819822590214,0.12814334536573302
2.9336566748348814,0.12344167793806256
2.934370669522436,0.1245829099569523
2.960039489012675,0.12251302362608071
2.9674216825332422,0.12045447396603
2.977318035942873,0.11719509631032457
2.995094809869326,0.11698711977728658
3.002564134207745,0.11604816910230369
3.0598197163809306,0.10380720265439189
3.08117842173721,0.0997265020586403
3.0837391398471397,0.09758883450596852
3.102661515544142,0.09438879514010859
3.1238551340420546,0.08785703716060367
3.1372434962931965,0.08681048128692033
3.1542617461638383,0.08189406925942587
3.1551540341011,0.08579319832704113
3.1677033099055265,0.08075486738740074
3.1685021702607514,0.08222977204341775
3.179022667792802,0.07514013154387701
3.192293320877136,0.07623397238297254
3.2117098240991293,0.07074826246765761
3.2136694918599122,0.06782274519410833
3.227924097481223,0.06639633542652648
3.2364179840524283,0.06337823413816193
3.2525230867369697,0.06178960769705868
3.2703268629537554,0.0536652048110448
3.271074675473372,0.05627260504542607
3.2725218110920284,0.05331635411985541
3.282744450017125,0.04868298130076985
3.289501300877191,0.051187518700725465
3.314335091929509,0.041871595288530725
3.3349634908226733,0.03788338768090598
3.3415139829153144,0.03719564397314479
3.348928814800786,0.033389356200804195
3.364081238676796,0.025395971419522594
3.365217748400511,0.02769103454822007
3.3687809611298185,0.026512545576053422
3.36921140108773,0.026114419380526853
3.3699877904052062,0.02428633076243978
3.373952552956524,0.026959631670324287
3.37958096394088,0.024111923142058497
3.385076461524765,0.022909686954213443
3.3999392895554195,0.01846973946318093
3.399987458277119,0.01880034391028951
3.4076010531560676,0.01761850333326106
3.4275888703526984,0.00891987412412214
3.4440203271158403,0.006264448913495077
3.4460071615247223,0.004334926565376207
3.471862001776424,-0.0008640845718262734
3.472531296062897,0.00269781853255227
3.480998963979081,-0.004859310318071891
3.4870104050828132,-0.006735357187273828
3.494721294629283,-0.010040950315659939
3.496458464918124,-0.01102152622274817
3.5053220131556486,-0.01165200152730939
3.5147735800949675,-0.010436705580823971
3.5222168384787835,-0.01697902992304409
3.528030745443388,-0.016572149650917488
3.5372282025734574,-0.020243085765799643
3.539093246468033,-0.02012850592122633
3.5569891092697556,-0.024105111524052023
3.565174233693554,-0.026877806930629692
3.572477496286659,-0.028070861865888974
3.5935605838489337,-0.03627180198375344
3.6076877196371946,-0.03952913398019059
3.6212734360077157,-0.04412072773140893
3.6303468055436596,-0.04538505516110126
3.643240012036875,-0.04929949809888604
3.646607866062965,-0.05069026824935913
3.647064906674478,-0.04808472429995813
3.6578298038105466,-0.05319405666817362
3.658898113979431,-0.05403731134256994
3.6618949922073583,-0.05843847212254766
3.6624485088409724,-0.05648562053997955
3.6874718726348945,-0.06030953739766448
3.699064865798528,-0.062178557871705745
3.7303863526702408,-0.06982610704949346
3.744437756333623,-0.07674813360249685
3.7466832939100563,-0.07489696592236444
3.797720713445713,-0.08691742843697615
3.7984457032830186,-0.08878795849218472
3.8126221302935672,-0.09153675013042069
3.8138274968895765,-0.09221929421491949
3.8162257316185553,-0.09082886611882553
3.8414515418388397,-0.0980166159686837
3.8479712664523333,-0.10016833602688105
3.849512100478133,-0.10062069185607382
3.8531993887883846,-0.10091809757261233
3.8534269846315468,-0.10179297500625917
3.865076811637767,-0.10019752514352846
3.8753748003168393,-0.10090977804611613
3.883257868896292,-0.10594133588518051
3.8938811522282926,-0.10868888659114578
3.8989343863022707,-0.10818038465051043
3.9050569677092444,-0.10755948273144256
3.907191577818523,-0.11060416445660332
3.9280921499527928,-0.11336745651995919
3.9329282435933717,-0.11474471061644968
3.938811403810284,-0.11624532670084911
3.9393611039272756,-0.11738791280469284
3.9399864017332504,-0.1196377426239732
3.9506532079089975,-0.11800912920777108
3.950964437787716,-0.11682134315032576
3.9528701350833586,-0.1200938502496098
3.964648111626648,-0.12065564518846045
3.971049598402077,-0.1197038477712397
3.992112576041059,-0.1238074050799999
4.016568210963074,-0.12514458036294304
4.026152430779339,-0.13016456049175282
4.026818408124491,-0.12891528146324965
4.047351224333676,-0.13050299139839458
4.0642077629540605,-0.13322714895764623
4.066568475007905,-0.1338785941918584
4.0759154872015415,-0.13521221838876363
4.104235172700598,-0.13656234985140578
4.122681586588653,-0.13653707675381754
4.128423401786428,-0.13753728090407136
4.129448429737945,-0.13469286064121117
4.131193225699455,-0.13933212401246928
4.136733405101712,-0.13878055422065566
4.15038359921394,-0.14115948250747787
4.153612473675883,-0.14092392790805555
4.175613164849949,-0.14003751526589953
4.182143443922296,-0.1406417300451465
4.190048641934412,-0.14107016226943503
4.190521920568161,-0.14254604672351395
4.2097004561305305,-0.14357701704778975
4.219486113007255,-0.1440787840407028
4.232136976740556,-0.1447662695928279
4.235903148326921,-0.14368621194988887
4.236939583143103,-0.14430943430916413
4.256579440945465,-0.14487144182263884
4.258514058211695,-0.14594433353239492
4.27001192425991,-0.14258030477053993
4.2797585143835,-0.1468509719061864
4.28263943041021,-0.14222569762107767
4.285836066204293,-0.1426394947097174
4.295219751518545,-0.14091724098129654
4.303717451763095,-0.14093516936694492
4.305472398469538,-0.14306897805649557
4.3121536500315845,-0.14253515121376711
4.3142120565744495,-0.1431650308799296
4.315035635624843,-0.14245373764388258
4.316135260389272,-0.14310630904606036
4.337395019521104,-0.1403688974053698
4.339430021906894,-0.14140581673267968
4.350410390068927,-0.13917010660656803
4.351214750875318,-0.14042334915845997
4.35513220969284,-0.14069387418549384
4.3676838428034195,-0.14061477314107418
4.371039285532355,-0.14087752821232802
4.3832954093259655,-0.13994050578476813
4.433128484411798,-0.13534349077293836
4.434460915918471,-0.13501712715920539
4.448118721281556,-0.1334397158441077
4.456394433000579,-0.13261041708498383
4.4651751066372505,-0.13171253227876345
4.4798608713964825,-0.12902964242633894
4.48134915652869,-0.1277836177308662
4.498939025343599,-0.12659160776261033
4.51437773450931,-0.12632503126618996
4.5292150732138925,-0.12086831980588868
4.53873846942812,-0.12168260103953175
4.548754985141887,-0.1190894795149302
4.554300496635339,-0.12200746925137163
4.56922040342806,-0.11744619495518685
4.583565489337431,-0.11466980746248029
4.597526743404277,-0.1115921556832746
4.599252560727058,-0.11088913377902695
4.599793722162488,-0.1091013535028601
4.607760713038671,-0.1090219489779219
4.610044463597742,-0.1070589693031078
4.6218228373282315,-0.10679268795725332
4.634344172298464,-0.1021529647772423
4.6460535688804185,-0.10056193163239331
4.651138415067479,-0.10060335011690894
4.658244418427525,-0.0993384049559926
4.693613246227768,-0.08902808842802813
4.7047358676162805,-0.08725715155691882
4.719978117659377,-0.08377968041408503
4.732973001958655,-0.0853269724839873
4.751615845431036,-0.08126547115745644
4.761493667587963,-0.07428302921783739
4.762535390125343,-0.07568695368050078
4.763150449332192,-0.07848625842406655
4.775970645470679,-0.07254684852854033
4.777708568103053,-0.07458650607717987
4.798004697342963,-0.06867738907342458
4.801317860274715,-0.06624795449535074
4.806150541425184,-0.062541473118975
4.820862052203957,-0.05997173691919345
4.854439618235277,-0.052401740878098596
4.882976182098638,-0.042169200227419545
4.902818927434099,-0.038408153461900206
4.903561362671251,-0.038514596238583505
4.916360398993135,-0.03187656730013366
4.918329425782433,-0.0361995781399575
4.920190508321836,-0.03267720817298461
4.940278132544908,-0.028935785711698494
4.9407110855772185,-0.029629051237291627
4.9714095778170435,-0.019585456160290452
4.978137244576201,-0.01972388255228364
4.9813690613271895,-0.015637927221633888
