n_harmonics,base_freq,magnitudes_0,phases_0,instruments_0
1,1.351104658244764,0.3395623239177666,0.9928878759521064,sin
x,y
-4.999979003228814,0.1700407657212243
-4.995466666545163,0.17163310726074285
-4.984815197135807,0.17091242806477264
-4.9769104248525196,0.18089205867965244
-4.967237534394999,0.1820126207863528
-4.9540076757491915,0.18676302178857757
-4.952338956175643,0.19110233574660837
-4.9216046459367915,0.19484941975305056
-4.919388924422252,0.20275065898783998
-4.897882808739712,0.2031961859103767
-4.887489194129657,0.21872644977208078
-4.868972565901518,0.2161116249745923
-4.854724434760448,0.2285791124204488
-4.85324590149866,0.2302957828959522
-4.848990996035095,0.22299106535975144
-4.844042172823406,0.22562145407356632
-4.833910051523547,0.2286674067531938
-4.832153100677951,0.22645915697096708
-4.83132613374298,0.23236875150795241
-4.826900640608724,0.23458016536056844
-4.8233512490849195,0.238629217734749
-4.8175925675304505,0.23469048870028078
-4.8172849123374695,0.24656558832128506
-4.783513384242007,0.24617643879393675
-4.768699883144199,0.24975911572756979
-4.757750192120474,0.25252098018844704
-4.757312712665154,0.25032685273285804
-4.729104021718169,0.26181046268308633
-4.723617414232607,0.2667432866639759
-4.718665529380221,0.2665585905097529
-4.705094049306843,0.27032994258536075
-4.694196868445946,0.27071029584360734
-4.687156395846012,0.2746377198735917
-4.673791218893032,0.27385879986701545
-4.663139755382435,0.28022542065154415
-4.656087098300757,0.28254902971362406
-4.635271160273868,0.2842205436337558
-4.628045817075835,0.29398924883058036
-4.626241200276907,0.28541083988430815
-4.618825492387879,0.2920353319582857
-4.617827771969032,0.2883263044716776
-4.61314578688568,0.28880291476345304
-4.612519479630412,0.2940592244565841
-4.61175017031584,0.29366083683035243
-4.605152136971244,0.29520915994685815
-4.597389683905373,0.29656480081348147
-4.593146055171731,0.29671331540748663
-4.591647483217455,0.2978818724978691
-4.570390327013698,0.3003535194803418
-4.569203319518708,0.3044542752501657
-4.55807750270713,0.3060982565228093
-4.556978380552329,0.3088463831566399
-4.520043458108782,0.3083644608819748
-4.505174478413871,0.31448921865906715
-4.504957750975157,0.3130560608521287
-4.5035444113261995,0.30602532049079895
-4.4985511131269185,0.3187538631996072
-4.489277928597439,0.3183085266883053
-4.484455494212636,0.317770943514748
-4.449381190219897,0.3240881308057744
-4.444640796541303,0.33097410713502107
-4.416654604655061,0.33683774620422763
-4.36660478534742,0.3323971688731451
-4.356325576183734,0.33598408689569537
-4.343836473361707,0.3343093221853902
-4.337604979243348,0.3307034093929074
-4.332203363834727,0.33774518901096506
-4.324667061358312,0.33518387943613
-4.3176317914304185,0.3367487940440797
-4.310063618978303,0.3382686402961338
-4.307866373105477,0.33847838256450447
-4.2857170433656915,0.3353715836039942
-4.283768589560167,0.3367015832771111
-4.273931969231461,0.33731456533557047
-4.273483536003978,0.33538331454220655
-4.272717923878044,0.3381234299487831
-4.272693425274899,0.33331454523211146
-4.270046260502972,0.3413146063914076
-4.268526164167973,0.33828894730056686
-4.256604197828421,0.3405376745028779
-4.252891521679664,0.336727865187733
-4.24711792954576,0.34191457416518395
-4.244285238110156,0.3413148415957145
-4.2421335783545135,0.34223389805083765
-4.232852067926575,0.3398305706142715
-4.228565663470914,0.3348875927808633
-4.2254410884309035,0.3430323595876936
-4.223948127090407,0.34446653595782323
-4.21052428457406,0.34126114871385593
-4.209446617958186,0.33919134488709074
-4.201898792664003,0.34130593066226655
-4.191521050196769,0.3410310718020139
-4.191483527624484,0.33516895558451715
-4.188554969846509,0.3312315546744105
-4.182666183663786,0.33755250434987183
-4.178962501781431,0.33852891350849823
-4.161426610698649,0.3358719694036813
-4.1604306500029296,0.3394929875207553
-4.14699740147759,0.3379100401811726
-4.146349569154949,0.3362248522583565
-4.138174519267752,0.3389428284618257
-4.135544245311445,0.3395716850794082
-4.127998212909789,0.3359814609703436
-4.123352296569286,0.3384615732999103
-4.1162327400565975,0.3339991328516071
-4.112761115081803,0.3276996524339982
-4.105770988922926,0.33330297848472185
-4.098045930689352,0.3362552392133065
-4.076853302635383,0.3326573331475352
-4.074399798556416,0.327813993578103
-4.046360175228996,0.3298087263349025
-4.038551846627429,0.32627333457678415
-4.038472175846511,0.33110130917206293
-4.032868622914999,0.32864457868492064
-4.029947076867179,0.32645149756402453
-3.9893458763074174,0.31607235137590184
-3.984892323654372,0.32597920348760484
-3.9838474678726143,0.31766798720288714
-3.9796769967761225,0.32291335354994344
-3.971422649553822,0.3221162156500717
-3.966071364464442,0.31520914408478595
-3.9658606013592133,0.3183991814701311
-3.947909606722748,0.3141056229519876
-3.9383474411705333,0.3160001487036894
-3.9211876834145034,0.3152941120157837
-3.919507643650848,0.3104528552169259
-3.909729572826275,0.3123970808096893
-3.9055954213291044,0.30463461225909066
-3.9023132686524575,0.31031299073081875
-3.8961805948188433,0.3067325951823391
-3.894012867020553,0.3008180684462177
-3.8923909259309664,0.30382496381042756
-3.8923368838269035,0.3033100796907476
-3.8824061354065496,0.3006894134047409
-3.8621992832909458,0.3037596842888467
-3.861017705080961,0.3003034551522491
-3.860013770739308,0.29846331412713806
-3.856631685637091,0.30002375913019924
-3.8430389364905393,0.29694368518799796
-3.8245534040220877,0.287173389822006
-3.8244147680804774,0.2875950234977562
-3.8193671782352423,0.2910788831373237
-3.8188640129383176,0.2910272661058497
-3.817400804984864,0.29110850444066483
-3.813339922976706,0.2835584198490417
-3.7724992873962826,0.2789428787094257
-3.756015879168797,0.26977790701968574
-3.7495028571646727,0.27122212192691997
-3.742453030366517,0.2733591980430398
-3.6921133823345285,0.25785413500568344
-3.6913877118122382,0.2595751056523805
-3.670313435197865,0.24764408236928553
-3.6672208092940464,0.25071252675690003
-3.632342008056275,0.23474360163293814
-3.619019431263774,0.2262651334285869
-3.6103263420582987,0.2275088446492571
-3.6074555201148883,0.2323933886949331
-3.604604386199153,0.22706038614636948
-3.592552723273088,0.22469203401594837
-3.5925397472769527,0.2217525172786791
-3.5561450797718077,0.2104839132848602
-3.541163791267754,0.21283935010034788
-3.54090694994185,0.21725187150482433
-3.534551947755098,0.20043709173649377
-3.5313364109093017,0.19732710061488087
-3.5275812944887006,0.20331193499977598
-3.4762328087267926,0.18411254148022102
-3.4532509905141797,0.172627873924648
-3.445691556312135,0.162744924817262
-3.4308635433475265,0.16512211579726005
-3.420617195872847,0.15900978295294993
-3.418153690288932,0.16182276354173217
-3.3927045052386995,0.14720924108124842
-3.3883209857876073,0.1424733092101521
-3.375842042620346,0.14067624958630678
-3.3486392286088273,0.13157436396730773
-3.3387591366157823,0.12539073616899143
-3.337931506805951,0.12721240239238746
-3.3315191325843116,0.12439607078039344
-3.3305895939983374,0.12144040272646336
-3.31645940093942,0.11614746986176298
-3.301534138056871,0.11159815209000243
-3.297320587274082,0.10682120659905911
-3.281533957773519,0.10158495660288472
-3.261033922441757,0.09314708898367309
-3.259051253546108,0.09033326939393238
-3.216346848128487,0.07469225933003917
-3.2066762566810967,0.06788266757284556
-3.197846246706879,0.06036343543989268
-3.1974737525749655,0.05576974722454809
-3.185951502319402,0.05650166961473758
-3.176040997248087,0.056240181085287555
-3.15974112765446,0.04032669729798109
-3.1582266880564855,0.045426933427386414
-3.145900101729114,0.036398712142071875
-3.121077358652294,0.0326280730182466
-3.1149676909178337,0.023588872502705974
-3.1043560233530307,0.02089928513328392
-3.1024679710763516,0.019317630130955804
-3.095201639456746,0.014955518610776843
-3.0770625054289913,0.008197078130075683
-3.063304677145915,0.005099025993887303
-3.0630815813022236,-0.002859866152766867
-3.0606162313741816,0.002143089038060052
-3.057278226616278,5.3842072996719255e-05
-3.053632648604773,-0.006421979054628211
-3.0492727946583518,-0.00881547588031972
-3.035399470137312,-0.005488997196843535
-3.0304605337925516,-0.01764148541168374
-2.9999531280618896,-0.030905268064253647
-2.993650546524167,-0.0297900791181891
-2.9910929026885436,-0.03159380939016263
-2.989438286960615,-0.03887159191089879
-2.987953782545439,-0.03150389907365258
-2.9828459123113547,-0.033835165895748615
-2.959178787934036,-0.04773835174780648
-2.9466112833778557,-0.05607961954544838
-2.943107387919388,-0.05364210417667112
-2.9269269357282868,-0.0614869060821844
-2.9204307512086727,-0.06727371252738476
-2.901721968907829,-0.0736920421378222
-2.8973127971169275,-0.06921334748691486
-2.8611139176601554,-0.09159663492835385
-2.857536990353493,-0.0924851944206642
-2.826350955218442,-0.1085025190848197
-2.805332472246067,-0.11430880728909253
-2.786803123249335,-0.12454976791390159
-2.781035671983312,-0.12614473874863194
-2.7534145552277045,-0.1392751933131668
-2.7421081101686964,-0.1420980532461536
-2.7396828805538984,-0.14281930344629098
-2.7126286030603417,-0.15228083976270199
-2.695580292574986,-0.16037078871919958
-2.6950389484445534,-0.1616418750625603
-2.6868319698901564,-0.16120837420574893
-2.670455475869884,-0.1713201436054647
-2.665569814976143,-0.16986247380859562
-2.6585150154352033,-0.1756625705554202
-2.650297212215765,-0.1832663440529787
-2.6340077285692898,-0.18705422835876193
-2.6268972005726887,-0.18779429196182937
-2.6095415065126817,-0.19479013558184127
-2.609476403415739,-0.19288516048034443
-2.5984517400544194,-0.198303976512387
-2.5725152789107266,-0.2092854722914557
-2.5704877211372668,-0.2130849185450635
-2.5574975893334004,-0.21291419868448197
-2.543222232041147,-0.21652493689477226
-2.533224905075253,-0.22190738667843699
-2.519856113630862,-0.23022502121326374
-2.50701656056612,-0.23110295600685307
-2.505399018209662,-0.22493676135305427
-2.495984919051071,-0.23249382976749164
-2.4936319439905628,-0.23481857616850887
-2.4894844187649556,-0.23779326346604815
-2.489477307333674,-0.23839886690979675
-2.483317777417393,-0.23379609834833132
-2.4546718892086505,-0.24979477820556462
-2.4528257438531775,-0.25267690439828916
-2.4267222389457412,-0.2543914376373274
-2.4265789102005253,-0.2565848580073956
-2.420572694831291,-0.2580607244221994
-2.398038797070835,-0.2644225614021001
-2.394218075309864,-0.26447335650128884
-2.3831500031252775,-0.2662302952566884
-2.383092751933571,-0.26748275294818297
-2.3642399289314806,-0.2744402117255649
-2.346065593382062,-0.27564099944618664
-2.345835044986809,-0.2759736963025137
-2.339828307285039,-0.28093702088379885
-2.3314277788922344,-0.28403480384256585
-2.32527239099373,-0.2866609186264863
-2.315462800879323,-0.28232722954197864
-2.31418185414054,-0.28537042977789606
-2.2990060955967784,-0.2898340962338859
-2.2932393244934435,-0.29039367174534464
-2.289635185510771,-0.29357165373767125
-2.289454526735726,-0.2954690607733191
-2.2697195903935685,-0.2938127866041154
-2.250439675745909,-0.30119180442454885
-2.2442911555104006,-0.2984505626903266
-2.240032931934638,-0.30399944167012943
-2.2382360629627884,-0.3071336845130336
-2.2271691237661795,-0.30469056169776665
-2.2254283289004384,-0.30669978158394645
-2.1897839185818224,-0.3116194279750555
-2.137630646152504,-0.3223307322978807
-2.132796703817034,-0.324028213045818
-2.113539115421382,-0.3214269284697234
-2.106376452289341,-0.32835221306208645
-2.095153847617497,-0.32768820815771743
-2.0836921578140655,-0.32817130840590647
-2.0640008054676464,-0.3294475330866528
-2.0104346012456773,-0.32974152580669397
-2.0011161446197514,-0.3364316053198428
-1.9650288840230545,-0.3354416128577761
-1.9421176280051289,-0.34278091001954214
-1.9402615902812004,-0.3379949190815274
-1.9240103327672644,-0.3433642112788457
-1.9110271187892556,-0.3448959663262186
-1.8784139005807274,-0.33995602885846904
-1.874791126033517,-0.34264376627562854
-1.8704159575543633,-0.3364729337200435
-1.8652710952897111,-0.3360779821355774
-1.8646058793539835,-0.34045663438867413
-1.8529397769236167,-0.3402841066199837
-1.8281108483365993,-0.3397277674432442
-1.8025663105613199,-0.3367737239647273
-1.791898733583186,-0.3362958807390009
-1.786582494147897,-0.33777970608863656
-1.7799187900310298,-0.33775913137235936
-1.7631939495214786,-0.33335448440745624
-1.7396868137371935,-0.3334778951095911
-1.7366793790554134,-0.329224333125488
-1.7363439529761693,-0.3313450315017447
-1.7170016349376729,-0.3298366782504681
-1.7159843428066646,-0.33023207514307173
-1.713637220181552,-0.326448146154311
-1.7068208154441002,-0.32620225139736003
-1.6978595213831102,-0.32964324231607356
-1.6974546554932015,-0.3283894298387344
-1.687248300601265,-0.3293983334516146
-1.6845564979603433,-0.32816555247178053
-1.6506823347567634,-0.32268087397433437
-1.6505721490956917,-0.3223041939472441
-1.6363210462351052,-0.3168783197406531
-1.629759168241148,-0.31789713714664636
-1.615213524036856,-0.31476575933828105
-1.607579052092679,-0.31466812638378605
-1.5569149054033238,-0.304364739618291
-1.5346923351024824,-0.3054076461540139
-1.5288882500939769,-0.2997837864424053
-1.5181207447146594,-0.29898290816521683
-1.5152100361302812,-0.2920114805663174
-1.4932449996679997,-0.28627830589929554
-1.4900743278894533,-0.2890791110645391
-1.4847901370269554,-0.2851786258252193
-1.4829438642209034,-0.27987304785904027
-1.4623794411870206,-0.2831005465044279
-1.4593457592872214,-0.279854476958367
-1.4563456787145466,-0.27303723733526813
-1.4535523027779007,-0.2776792790964004
-1.4467314613566784,-0.27995966961861574
-1.4199603506598302,-0.2728622560939349
-1.4177551340725825,-0.2701580428716765
-1.4071990100264262,-0.2646539586446672
-1.4021215071911177,-0.2679867000808648
-1.389914075352563,-0.2581385060066779
-1.3861405481585032,-0.26001052268254576
-1.3791605638795454,-0.26311161104973096
-1.375964639052417,-0.2598089688198148
-1.3718546673283627,-0.25686452599719795
-1.364634814368204,-0.25144448305411776
-1.3558031633032366,-0.25268185981517205
-1.3478109993497647,-0.2507577765901184
-1.344649165982048,-0.2513941451184031
-1.3387120854490222,-0.24523829992493443
-1.3349884567383343,-0.24220919000517677
-1.332073352766081,-0.2486104975446012
-1.3301098600791592,-0.2447041776335062
-1.3231227377265098,-0.2423608564527888
-1.2973607510898013,-0.23475411442241625
-1.270696410456856,-0.22414697533195116
-1.2659189243367641,-0.22453028506900402
-1.2611924164943344,-0.22119985262455988
-1.2548740421800386,-0.22646636340966858
-1.254769998683357,-0.22112588802570818
-1.2471541469079375,-0.22017329001470234
-1.2456316021924572,-0.21642975477081575
-1.2440439249590138,-0.21675567106015023
-1.2379926550516318,-0.21449903660074238
-1.2360600659356868,-0.2138663633459517
-1.234813445678732,-0.21730789366609413
-1.2319554001387631,-0.20902805352659173
-1.230964121357304,-0.2096963186856185
-1.220287756326294,-0.20585924907598965
-1.2064111455322002,-0.19803294005875163
-1.2055655307952282,-0.20272579775745872
-1.2020034717844421,-0.19794088247816724
-1.1869253779904323,-0.18997144913486746
-1.1856183472451045,-0.19223735185731686
-1.169306433764726,-0.19052492586148098
-1.1665656551813663,-0.18204989960683174
-1.1443415023324133,-0.17681416369001637
-1.1425010390393107,-0.17814182410877016
-1.1415996397967398,-0.1803625280867956
-1.13586134008276,-0.1699073340305919
-1.116947297653744,-0.17045626090672533
-1.0875187186758883,-0.154451868441964
-1.0831877072925344,-0.15771974612743814
-1.0765009151600657,-0.14972974370020617
-1.0712119772398312,-0.14883436980361914
-1.0534556053919477,-0.1369637451043261
-1.0499966819566442,-0.13958600773420982
-1.0460812445304493,-0.13816688108309721
-1.044810427022529,-0.14316386232984046
-1.0382433043661776,-0.1410236862972863
-1.0334618913192841,-0.13406757057912083
-1.0185517053817614,-0.12611503252432785
-0.9757005372330818,-0.11301159104280349
-0.9747207108401748,-0.11116912518762845
-0.9721365678698524,-0.10864390184632244
-0.9660738286674908,-0.10784555049855112
-0.9621262643463648,-0.09806194155676647
-0.9407567938471058,-0.08982038687164855
-0.937405208547677,-0.09294065739843661
-0.9148186702514538,-0.08507605269204133
-0.8874314279320936,-0.06607293136714519
-0.8804737548137531,-0.06438491674933128
-0.877700030484255,-0.061101905778351756
-0.8723627227068818,-0.06524783211719964
-0.8470018646299362,-0.04700359780905537
-0.8281075349285221,-0.05011170575687782
-0.8195153137067104,-0.03794892930090487
-0.7998953769423656,-0.027279387994393327
-0.7976355390635179,-0.025585454898764376
-0.7911574394876952,-0.029580085619127346
-0.7808093874327291,-0.0204290446499578
-0.7661139258700524,-0.01422742556355691
-0.7647266831182629,-0.017668945234480808
-0.7572397834880569,-0.009497821966985403
-0.7497951778795304,-0.0048572960015802625
-0.7371019062591646,-0.004261945429941926
-0.7329980214110101,0.003970825727441186
-0.7306665985155281,-0.00025091597572172324
-0.7263399680378368,4.682762775623734e-05
-0.7211767931806161,0.0009197568034882298
-0.7185402771542186,0.007487075037540354
-0.7055574621626235,0.019799921186380878
-0.703113838285673,0.011998600458612545
-0.7011220530368965,0.020182185009225133
-0.6742160806705506,0.03063028868214632
-0.6661423709583296,0.03586082663003767
-0.6634774365448672,0.032818907990207466
-0.6606071722114475,0.036076460601506405
-0.6442234794371355,0.04047976271563569
-0.6258009301478387,0.04700176955141097
-0.6234184422624036,0.05099886238568856
-0.6194881457884795,0.050792633620888275
-0.6176567095254004,0.05235745961194645
-0.6157559698361048,0.05002955997541634
-0.6008833545245373,0.05873969890743073
-0.5869456811779479,0.06842642402355234
-0.5840853614673192,0.07432095542188952
-0.5669864575716232,0.08138058178262195
-0.5519356180608899,0.08780576816848389
-0.5500870755520921,0.08270145965848458
-0.5441726731174192,0.08475970780091115
-0.5327394790397619,0.08871186178499152
-0.5325062682661708,0.08943817601863815
-0.5290579010304839,0.0963346976071263
-0.5209637214550646,0.0993442425371132
-0.5050814480434598,0.1037552316371585
-0.5049305269147153,0.10449602450978537
-0.4787238395967863,0.12115844246590482
-0.46389059821919876,0.12313740392110431
-0.4551949382104592,0.12243191326313632
-0.44320260140045775,0.13077955887129433
-0.43206345019603987,0.1276925402921615
-0.41890758185577326,0.14661105874077968
-0.38645276146332286,0.1521150392961648
-0.36963022381899435,0.16395150517349302
-0.36917535667063817,0.16283066665020626
-0.3652362441025421,0.1626246787565281
-0.36370531319561294,0.16237098154737686
-0.36366367453272197,0.16228844375385484
-0.3625387436439542,0.16537080219549685
-0.3592107321830351,0.16397575196025532
-0.3531170960236407,0.16162575426737916
-0.3432529280785799,0.17517993392417505
-0.34304678716121106,0.16469793941123356
-0.33942340464968357,0.1761694554546737
-0.3377129940011381,0.16571645594077788
-0.3345932995393275,0.17138015882124155
-0.3318111947306379,0.1759476220542738
-0.32564880627812176,0.1803086130631162
-0.32562062507802825,0.1778992881001857
-0.30983654896154267,0.18218129021092028
-0.3078770253378007,0.1898959984714956
-0.2943440512536766,0.19270042528721523
-0.2849311072563223,0.19507318066513207
-0.24747626753152474,0.21448796478001056
-0.24710181436692036,0.2056808200772218
-0.24482726526631726,0.20759009969133382
-0.23917038219750086,0.21564110282012822
-0.2370933712336134,0.2128736591790331
-0.22240397392180977,0.21575177245580127
-0.1989106285968747,0.21915158127181575
-0.19027166407600227,0.22206578843789493
-0.18681234211682973,0.22698612622116102
-0.16260369079628667,0.23753013781536808
-0.15381579648907273,0.23650937798949956
-0.15191922195763574,0.24041851211316045
-0.14468146101853652,0.2453117987869439
-0.13291869141012036,0.2552982337449171
-0.11764784839174958,0.25275751473899444
-0.11097158042232103,0.25625306637943346
-0.10658031040377569,0.2578211417285408
-0.061078416109142,0.26817558766947364
-0.048187876222090864,0.27582019094059235
-0.039297590824393325,0.2755454640758678
-0.031163661361629735,0.28084206339286183
-0.028724744028164828,0.2802044573568729
-0.023487376566134976,0.2777973832117136
-0.014447566027902425,0.28068601485513744
-0.013833462683704667,0.27759300724879127
-0.013487411145769457,0.28104264358521824
0.012217350111011882,0.2914363010212658
0.04129510084978083,0.293232030511679
0.06480744021809226,0.2996307881134328
0.06757502976511809,0.30167885507953485
0.08148283590107397,0.30454243597820685
0.08471913287022215,0.3016118674118799
0.08568183943712882,0.30465093442489805
0.08794748838463295,0.3036759937266555
0.08856443695810157,0.30488908385233626
0.10850666110533602,0.3102318179423915
0.11776640372439573,0.31288669024296895
0.13566628106487766,0.31049982022200046
0.13888089592639208,0.31285034120899896
0.17308623051026117,0.3145033983541882
0.18339895625469094,0.32759298040803764
0.21654169539999746,0.32535675099803524
0.219020014300221,0.3275674298022237
0.22333637436808385,0.3222835243915974
0.23739066021029664,0.3260103531094586
0.24303282171516205,0.33277105368372584
0.24508373031344632,0.3334599508439513
0.2667801189987298,0.33406220271232995
0.2812439061035601,0.3289009524704427
0.29536189232151155,0.3334122659661306
0.31387934199874046,0.3416469995745119
0.32648824982544333,0.3302398137488629
0.32928641498864053,0.3331239061143935
0.33442465035929025,0.3338314374719673
0.34075685448495996,0.3355586909760413
0.3445019381823027,0.34170033922142345
0.3517445026537729,0.3405096938735585
0.3647909328845165,0.33430853409118805
0.36569813572192444,0.3365210973952265
0.36991445001405054,0.338734859040642
0.37328507310344605,0.3412314882803311
0.40709522477096005,0.3371938738143127
0.4134394033281916,0.344279410658881
0.42023871695285653,0.34209984380333924
0.42552373091958806,0.3447134120927197
0.434819674516179,0.33830278747653664
0.43744614515923264,0.33430443275301175
0.437870130648359,0.3418428740407199
0.4634044245667539,0.33933504713203133
0.46739625072609137,0.33754633254277006
0.49229830843937883,0.3395481083758027
0.5018306250614302,0.33790325056002707
0.5257419786319932,0.3388484756375378
0.5376239574274901,0.3322880112452783
0.5519865735900611,0.33584411356096255
0.5753407259091894,0.33490414681889497
0.5816480857252042,0.3287373827979765
0.5817963184620201,0.3272861824891514
0.6214782601075051,0.3364866825311862
0.6437599754878933,0.32362407280835637
0.6547924485748835,0.3295380360853461
0.6585487543823252,0.32591201898205535
0.6885168250690468,0.31880626416914815
0.7045291168864054,0.31625594227870174
0.7249993474658369,0.31458488691929354
0.7376943408101901,0.31108065887142144
0.7630407589596047,0.30829750782149873
0.764435990434368,0.3051086115542039
0.7690540485168817,0.3066656561960869
0.7720869733958589,0.3077296235199946
0.7728549095503698,0.3003418113630107
0.7816792805203487,0.30287822873883724
0.7908547899537073,0.3018219446755914
0.7964206140727352,0.29969752290913243
0.8012694587311762,0.299252009977613
0.8083420474933334,0.2933196848008883
0.8111177697443948,0.2870135560829071
0.8112298875533384,0.29163469410953186
0.8142161145533873,0.29814622508917715
0.8180068071840854,0.29461227513044075
0.8434687780023182,0.28676189477859226
0.8449104106591001,0.28832716306075257
0.8454535849202474,0.2828592409697498
0.8475471023921779,0.2819673165640304
0.8526764205116875,0.2860053859065063
0.8602002265261461,0.2827485329690947
0.8641998787041594,0.29077290822584806
0.8716079095033198,0.28091768641744935
0.8735413990785599,0.27805634120359324
0.8739588543810743,0.2720061897387303
0.8768371085604141,0.2766406435276349
0.8777665570134507,0.28072474114042756
0.9294683730990583,0.2667732387762962
0.9326948990397987,0.2618379742586737
0.9364927947387329,0.2609666746315798
0.9595003975537786,0.2506885516126902
0.9680239329277027,0.2526401599492963
0.9693585347387703,0.2536370689752384
1.0025190556962782,0.2445243934097811
1.0027115122356092,0.24520914322304557
1.0086740676735495,0.24076945138299294
1.010302148631693,0.24165115473383592
1.040257910045101,0.22616125784976293
1.0450936038426564,0.2285886382678727
1.0555870576489044,0.22704251682161444
1.0806994870612545,0.21417485760440588
1.0860871498389475,0.2103366817508459
1.08787976279649,0.20867868712817755
1.1451719525065318,0.2007596589813236
1.147746134740867,0.19319161240928068
1.1610754208797935,0.18908496880362685
1.1921966726311979,0.17684748735929975
1.2153943403575918,0.16534646707167533
1.21904219746959,0.16144242369255113
1.2342262860669226,0.15948685349947825
1.2448394294717993,0.15474504155755486
1.265633398286452,0.14461031483342138
1.2855960604806658,0.13638630184871212
1.28706400357638,0.1372743492431089
1.2875492290220292,0.1334673829252656
1.3324963256487807,0.1195980667506586
1.3352131855984801,0.11169590754510407
1.3417156667013312,0.10884504745198954
1.355999542794856,0.10767486663892506
1.3634816841939044,0.1046539580748075
1.366834219580193,0.10586054764559517
1.3884650850119389,0.0867073698352884
1.3967247695704108,0.08521785324116557
1.401237707320834,0.08321474081911848
1.402750355158676,0.08824013888789076
1.4051615980824836,0.08415265982009419
1.4170653110658202,0.08170012033512579
1.4219647321180577,0.07075126968718737
1.4401707572524503,0.06954099902000418
1.4462512697957681,0.06664704189882124
1.4498955104354803,0.06609624154632994
1.4611371652987915,0.05949367167063771
1.4632709425672799,0.05355690788959838
1.4662212549771567,0.05765730934557826
1.491852109059181,0.04398912663106145
1.518164070846053,0.03456668776775952
1.5243754401235012,0.0313294664783635
1.5251694081712097,0.03052734390330856
1.535271707866058,0.031362626707419815
1.537980727969563,0.022298226912482094
1.5474923974443549,0.022746927683409038
1.5569119176715756,0.009610831592669494
1.5659012683409044,0.013787858305735373
1.5696768439582485,0.0022176866686384215
1.5698560100173609,0.004767777218574772
1.5726864139542593,0.0012495001256323524
1.5780788145099383,0.005968232413969927
1.584187235626569,0.003916079377415909
1.612018207954879,-0.008425741094853554
1.6129821566010172,-0.016821583478062736
1.6164245194129236,-0.014347426885951076
1.618970029311594,-0.012614793068831223
1.6293834882528895,-0.020132166801390565
1.6309914453424499,-0.01785874060767917
1.637977464692538,-0.018428861528660336
1.6461532262243859,-0.028632247185250488
1.654376429037435,-0.02443759640435493
1.6597626241615426,-0.03212781121425985
1.6653959313772049,-0.028259425593283816
1.674745403467842,-0.0394799356422844
1.685444718232123,-0.04708232153374277
1.6939287247062502,-0.04808939511633824
1.6952020202175513,-0.04615994431757628
1.7127550573532542,-0.04631185809968985
1.7139464372418356,-0.05779134042160466
1.7173878446346391,-0.05986303701964334
1.7380099504964583,-0.06429101472548385
1.7400700505694013,-0.07028236170134823
1.7444944588285303,-0.06959881864459118
1.7788669358313847,-0.089795886750079
1.7851210702408729,-0.08386414256949341
1.7921846178687773,-0.0885205783041408
1.795575268290774,-0.09630322442356226
1.8117358263961103,-0.10422591792107913
1.8136670650507947,-0.10245605141595404
1.8322348805452462,-0.10634921479438444
1.852353679302019,-0.11767254958739096
1.858780468989889,-0.11859450675678547
1.8634474499233349,-0.12250255481953413
1.8784116439825205,-0.12976018240841306
1.8868469342393173,-0.1300328064472135
1.8933956630533988,-0.1372332346165897
1.9223486814080806,-0.15090332377580115
1.9255871105810964,-0.14574309198889868
1.9501489634548674,-0.15353790160465988
1.9533419593762247,-0.1613255240459079
1.9618460637611,-0.1605070943898023
1.9775594372600587,-0.1680045155031268
1.988012521970938,-0.16558217244512863
1.9976720565916057,-0.1779958051186478
2.006183939819265,-0.1808692899752193
2.009030733879438,-0.17895396620491805
2.0149993631083696,-0.18028575836945376
2.0333278291655645,-0.19223479333440818
2.051783175463463,-0.19573501187976847
2.0641638500363912,-0.20595203978360951
2.0736723457818504,-0.20355617552248342
2.0951956688571913,-0.21571167487184137
2.0960118937444516,-0.2180093422792863
2.109503283570806,-0.21876298029025038
2.129889465075089,-0.2258598531196102
2.132710728156484,-0.22869973999253074
2.1556815632589963,-0.23812043775933642
2.160375009203074,-0.237043564455336
2.170800302921303,-0.24079800651478897
2.200168688032175,-0.25372435725135867
2.2019028005040635,-0.2503131855247848
2.205802515693314,-0.24821811984026262
2.2085546600206287,-0.24921540082888557
2.2126931872479263,-0.2515714787384776
2.217098482137855,-0.2590617111449868
2.2286698339852817,-0.2502188604264402
2.2480249262480143,-0.26291164850301724
2.252849860020042,-0.2649429485821636
2.268398932579915,-0.2747999726734152
2.2690411704679683,-0.27239225264235584
2.2706741607210867,-0.27176020445454574
2.2807420530891607,-0.2693262634666889
2.2811117482880956,-0.27678882408832894
2.2885236896657277,-0.2755886668307864
2.2956073508661,-0.2779572855767156
2.31360121179363,-0.28304670886942385
2.3181761480111494,-0.2913496872628447
2.3213072690806467,-0.2796047369791431
2.347377593802218,-0.2911940920848915
2.3473927048817087,-0.29177749063143826
2.36877426452174,-0.28916637472865125
2.3763792166174227,-0.2936646096767046
2.3881222808800295,-0.3022076020947248
2.4154617893569528,-0.3064088169496086
2.426025820381362,-0.3072398365419703
2.4289351278980744,-0.30839303256991557
2.430104532474738,-0.3079572583436997
2.4375974599199415,-0.30756963920749164
2.443435713466714,-0.308116106011421
2.4762877661854628,-0.31417083837729837
2.4792194994868924,-0.3164230450811489
2.490304218166658,-0.3198278528648971
2.494165790131696,-0.3153022202427178
2.5008835519291415,-0.3226875806074682
2.5418648028198927,-0.32400769926176987
2.557592508460221,-0.3264134066015894
2.562674950481309,-0.3245499478909441
2.5701678516357793,-0.3267538967190906
2.57521167116348,-0.32333523018099336
2.5970542575529754,-0.33733801179364825
2.61663462019518,-0.3311384278920223
2.6340911182703266,-0.33634648950710033
2.634659847145448,-0.3325859044830738
2.647529601027749,-0.3351972541222128
2.650995105015741,-0.3400932703552224
2.656078636042773,-0.34317326653211067
2.6665606624826577,-0.3316021860543596
2.6905918290307707,-0.33873573201178925
2.6912964624449867,-0.3387611976127342
2.704258110378017,-0.34047049377852834
2.7130879992168744,-0.3382529375069824
2.723202801048295,-0.3338462749230325
2.759334355631779,-0.34501878201354347
2.759559855410709,-0.34734124984930076
2.776759064825768,-0.34314856514742
2.780224859445463,-0.33914244514764935
2.79786816754093,-0.3418409745300438
2.799354526629849,-0.33455476272423135
2.8094635337342364,-0.3378427160969647
2.8162215906173413,-0.34257862450710824
2.8189843340693663,-0.3411731076079951
2.82471663917733,-0.338308875607771
2.836346153089398,-0.33844300372439123
2.8450596910625228,-0.3380752125385316
2.8597326214046195,-0.332369727555112
2.8760900015851876,-0.3358779213059727
2.8764860048696956,-0.3308444033275304
2.8853811361215147,-0.3339747224375964
2.8877555104882884,-0.3287705015551931
2.891679183873441,-0.33078345227588035
2.8945570949196755,-0.33488004283873724
2.922749020799106,-0.3318354863539721
2.942801216992059,-0.33142288442721873
2.947646673134832,-0.3355105766431219
2.96307317502066,-0.32875262299410724
2.9654238338043806,-0.3248809940441397
2.9948593427339514,-0.32409290168325466
3.0021092805713536,-0.3226461866121707
3.01928923177765,-0.3133550163589708
3.038979896932645,-0.32001888553618574
3.0431950598360906,-0.3169007691989198
3.052192543004928,-0.3096248017500717
3.0933190630030207,-0.30851282099771443
3.103202815555232,-0.30373085122895255
3.1075634545385427,-0.29780646299417984
3.107743621428476,-0.2992001920640114
3.1182149620725657,-0.2986833229447642
3.1409566741132604,-0.288367298525706
3.176117950867175,-0.2860507962334502
3.1897499042783775,-0.2857486658559994
3.191538140162633,-0.28920087896087604
3.21124739787672,-0.27356686041190886
3.2134151875069623,-0.2713059738600497
3.2535682467196914,-0.2601443699829682
3.258628446449352,-0.26317430398617114
3.2699430451445046,-0.2565214487943683
3.2711204952226893,-0.25841901811647033
3.2794829134883745,-0.2583768835625855
3.291720872460111,-0.2507338035853231
3.3023356393128527,-0.24600483233463
3.307234642305062,-0.2394373183847573
3.309285063193517,-0.2498722053934263
3.329125314685733,-0.24375198763768952
3.33538657436619,-0.24374081641648485
3.3358931719417324,-0.23905679144173844
3.34328290527438,-0.23635591366928033
3.372843621450894,-0.22433517938895117
3.374538099332355,-0.22575451016535214
3.411200631869466,-0.2123668177456741
3.4291866385684973,-0.2083596211800036
3.4369825229168836,-0.20320153909459795
3.438747761825814,-0.21013932201119387
3.4552750885432886,-0.1956278100896127
3.458732497437264,-0.19872197289842425
3.4643833317157533,-0.19487913982261712
3.4653855267901843,-0.18730308947463434
3.4760267121786192,-0.19339797584695348
3.482796399925272,-0.1876450660299516
3.4894822898078743,-0.18071226641894472
3.4924504102849276,-0.18354415791863324
3.4988316193448625,-0.18803241453960884
3.512334567472962,-0.17782390366492948
3.5182928584506037,-0.17064976936973558
3.522421270226257,-0.17296250256813034
3.5232857731399587,-0.1658042130471463
3.5359318242613753,-0.1719404973912436
3.556993744211855,-0.15695474502222578
3.557066411908643,-0.15065063682078897
3.561591662055342,-0.1591416027981118
3.569030968517117,-0.1516232592945357
3.5720826355905704,-0.15448406359398673
3.591263177213621,-0.14167885859008167
3.6022477809415925,-0.14269214626001456
3.6079186152808305,-0.13389293691158743
3.6079411045629435,-0.13654008170516577
3.612271632132133,-0.1382835483724043
3.6136796880383937,-0.13255136158295117
3.6154499027830163,-0.12980001671451574
3.6267515221319684,-0.12996644999479356
3.6369678089391435,-0.12576266772493802
3.639700823253806,-0.12188177409397422
3.6413488590865466,-0.12544267018429747
3.648904451165709,-0.12253021037260237
3.657026417727714,-0.11265646140836817
3.667877034080977,-0.10900767863913996
3.6896037091767564,-0.1037922109803891
3.710796501064312,-0.0980972405627879
3.726749374989046,-0.08949047976205136
3.7356945893591096,-0.08605421763805862
3.765603418667304,-0.0703684870472713
3.7672576045789636,-0.0760893274858665
3.769841255449519,-0.0647384368983126
3.7745927954699035,-0.061490264960538076
3.78085402179925,-0.06525337858718039
3.7951522721272717,-0.05501899577662952
3.7995966066922406,-0.05238706489158507
3.800606077241799,-0.057382297373785876
3.809043754964293,-0.04864445286906029
3.8295735934285045,-0.039309516871719935
3.8408207663446454,-0.035591954059629664
3.8459722294631753,-0.02296521931766475
3.846606932338025,-0.032619465135469684
3.847785570994491,-0.031300890814572685
3.849078986333904,-0.030673276455413595
3.8757944759353276,-0.015850523087466897
3.87898668777936,-0.019149226587246368
3.881664937700153,-0.018186099537753096
3.892773592696461,-0.008807116238508514
3.9225592417127597,-0.0005724925439289604
3.9302572077085483,0.005373672832193075
3.940703454131917,0.008739323321917694
3.963668454372204,0.027368873459709696
3.9671622341992734,0.020635697480922085
3.969175249785172,0.023379587431249113
3.980826548049702,0.02960989089302149
3.9857092512087515,0.03142736128698461
3.989101053279418,0.032341896682178906
3.990882457110331,0.03506340085315004
4.0078343188636705,0.0400817907514255
4.010427697484012,0.04492608035464892
4.015093191355351,0.0458663643852459
4.0166205738004805,0.04381400139098722
4.018806221682981,0.04735769088851768
4.02192452115472,0.04852559413737534
4.024247580677233,0.04869724896669639
4.032805705199081,0.05634009321479494
4.03800349326594,0.05828403071317838
4.064821019361139,0.06617413211942527
4.074723704700617,0.06977867022513803
4.09124883877714,0.07259951521027411
4.097720013139842,0.08054437007592738
4.109854129342855,0.08849412913638154
4.110409816912066,0.08423585523781214
4.116401304178172,0.08852284841427141
4.1384458147217345,0.09821115210471058
4.158780233485791,0.1143485362287577
4.171339753309555,0.10888519545781894
4.190932962794042,0.1241461640061633
4.195943289791163,0.1256160228008691
4.220425372081905,0.1334948830335772
4.225655720961349,0.13605706969703954
4.228209760147447,0.1420037782525773
4.230035804954653,0.14057511259959102
4.256224465746778,0.1501742184922018
4.267418713604277,0.16135713768426335
4.281339702316911,0.1647920278281477
4.284671858622463,0.1631745286846408
4.29526201175681,0.17296906543727603
4.295433791186545,0.1646953052304622
4.298041995946489,0.16606146738498936
4.299942275704737,0.16703968353889248
4.300296019233711,0.16951384031591055
4.313071374218916,0.16806907569019133
4.323760799132506,0.18042255951829222
4.3315261443815345,0.18157089065122917
4.336451519111565,0.1800367128124531
4.343618019653794,0.18684478463308143
4.352711072054127,0.18865883833712735
4.353062755280394,0.18860937281173723
4.361266665799636,0.19929955488195156
4.370304597618823,0.20055331295871395
4.421839407286495,0.22442863794001044
4.4381009389162145,0.21811578206657956
4.443592429158407,0.22541608112562947
4.444040760287276,0.22689479982728483
4.448451082596639,0.22505245230341525
4.461882341764765,0.2241460249121486
4.47956302877663,0.2312594157720096
4.490807939547459,0.2397952687230369
4.512446212782834,0.24396178424436743
4.51690158696438,0.24222632475181383
4.5202261417406255,0.24249377082033888
4.531843197582491,0.24745682926048354
4.53724016993084,0.2584913476559649
4.54009991638859,0.2534343920869951
4.5444470959303835,0.2574151387501091
4.547677777835791,0.2593710941778918
4.5551306181776035,0.25603829729928446
4.560071869781648,0.25934786960870376
4.563911671592036,0.26323114389624686
4.564561123280329,0.2579881434254472
4.580865137033674,0.26384360042223165
4.593318749161718,0.27260281660127733
4.608081152920967,0.27256040102909607
4.613673007815422,0.27377519741715256
4.627072900337145,0.27902662401858647
4.633719972082819,0.27970037814052684
4.635135228770643,0.2845416028762173
4.635976666223151,0.2763219359884644
4.641361044892385,0.2764112942134471
4.650863756623533,0.2900802785883019
4.65330972419043,0.2831385352057302
4.65567627469561,0.28342082478870456
4.6559823380642325,0.28433358958286153
4.66607223985187,0.2925335169763552
4.699032280394739,0.2953165871841388
4.718094956132944,0.29985646623318635
4.722832446823723,0.3032229888759363
4.730806226254572,0.30833524327616735
4.741547622032458,0.3050483262887831
4.756109524700193,0.3060628065443446
4.756565290542232,0.3063251065046973
4.756785086986847,0.3100114233787251
4.759362526239562,0.3066010802591317
4.762491344413727,0.30684607899602845
4.773092126893575,0.30765150056707413
4.778186038603572,0.31364750077618164
4.801958630895635,0.31575608471825506
4.825959248159485,0.31901876761018455
4.828813978817276,0.32311089663256204
4.835914367373368,0.32247069712331394
4.851381288015569,0.32482269855575074
4.865664893220389,0.32833042003780444
4.865747974370279,0.3184833494211873
4.872963514656028,0.3229547406918233
4.873636708817289,0.32424633974292905
4.878374462682366,0.3274330153849168
4.917344874052924,0.3276210415871088
4.921606234121477,0.33273369757738347
4.923876437109628,0.33114775546044267
4.926230362086493,0.3308324447906725
4.930502820482193,0.33188869594111675
4.933233860010024,0.32655139619179885
4.945424690984661,0.3327828251125703
4.963586417879222,0.3388850561228478
4.973818192358086,0.339373980022624
4.974713725719154,0.33775343554078324
4.984855986983547,0.34094892035113716
